173
122
127
159
142
113
179
188
144
134
144
175
140
190
112
106
192
151
196
129
134
159
190
150
184
148
175
148
120
183
194
182
109
146
111
189
167
151
190
174
126
120
126
171
139
130
171
102
122
146
196
180
179
141
171
102
124
115
140
140
176
137
156
147
187
103
199
101
189
124
180
158
135
199
170
126
152
165
107
166
106
116
117
152
148
170
126
195
144
126
150
104
149
179
150
177
125
171
107
122
119
121
117
108
182
164
132
135
182
177
128
117
134
122
141
195
100
183
127
104
142
196
137
102
199
101
108
145
108
155
164
121
178
134
103
104
156
103
121
174
194
147
106
139
165
166
182
134
128
115
119
120
106
197
163
140
115
133
108
167
119
112
160
153
191
118
178
190
147
187
145
148
107
111
182
170
163
143
109
152
198
163
124
111
174
164
124
160
153
130
179
103
150
116
181
158
188
194
160
115
179
155
